0 18.55 10.6666666666667 28.2333333333333 27.8666666666667 39.8333333333333 20.8833333333333 66.45 54.7333333333333 57.1333333333333 65.3166666666667 48.0666666666667 58.4333333333333 51.1 49.8666666666667 46.2166666666667 91.5833333333333 29.2 22.8 49.7 50.05 59.7166666666667 51.8833333333333 68.2 61.1833333333333 30.3 32.6833333333333 36.2333333333333 38.05 26.6333333333333 32.0333333333333 10.85 14.7833333333333 148.116666666667 43.3666666666667 35.75 68.8166666666667 41.65 52.1833333333333 97.05 55.8 52.8666666666667
18.55 0 9.53333333333333 15.0166666666667 14.65 25.0166666666667 15.9166666666667 50.2833333333333 41.15 43.55 49.15 36.1833333333333 44 37.5166666666667 35.05 32.6333333333333 91.4333333333333 39.3333333333333 36.3333333333333 40.45 40.8 44.9 38.3 53.3833333333333 46.3666666666667 14.1333333333333 17.85 21.3 24.4666666666667 16.15 20.8166666666667 10.8166666666667 14.8666666666667 133.3 27.2 19.5833333333333 54 36.6833333333333 36.0833333333333 96.9 40.9833333333333 38.05
10.6666666666667 9.53333333333333 0 22.55 22.1833333333333 32.55 22.3666666666667 57.8166666666667 48.6833333333333 51.0833333333333 56.6833333333333 43.7166666666667 51.5333333333333 45.05 42.5833333333333 40.1666666666667 97.8833333333333 30.5 33.5333333333333 39.0333333333333 39.3833333333333 52.4333333333333 45.8333333333333 60.9166666666667 53.9 21.6666666666667 22.0166666666667 25.5666666666667 32 23.6833333333333 28.35 12.55 20.1666666666667 140.833333333333 34.7333333333333 27.1166666666667 61.5333333333333 43.1333333333333 43.6166666666667 103.35 48.5166666666667 45.5833333333333
28.2333333333333 15.0166666666667 22.55 0 1.66666666666667 13.4333333333333 10.8166666666667 42.1333333333333 26.6833333333333 29.0833333333333 41 21.1666666666667 30.3833333333333 23.05 23.4666666666667 18.1666666666667 81.2833333333333 45.0833333333333 38.9 50.9666666666667 51.3166666666667 31.7833333333333 23.8333333333333 40.2666666666667 33.25 14.45 27.3833333333333 29.4666666666667 10 3.36666666666667 5.86666666666667 18.6666666666667 16.6666666666667 120.183333333333 25.7666666666667 19.2166666666667 40.8833333333333 26.4833333333333 24.6 86.75 27.8666666666667 26.4666666666667
27.8666666666667 14.65 22.1833333333333 1.66666666666667 0 14.3666666666667 10.45 43.0666666666667 27.6166666666667 30.0166666666667 41.9333333333333 22.8333333333333 31.3166666666667 23.9833333333333 24.4 19.1 82.95 44.7166666666667 38.5333333333333 50.6 50.95 32.7166666666667 24.7666666666667 41.2 34.1833333333333 14.0833333333333 27.0166666666667 29.1 10.9333333333333 3 7.53333333333333 18.3 16.3 121.116666666667 26.4666666666667 19.5333333333333 41.8166666666667 28.15 25.5333333333333 88.4166666666667 28.8 27.4
39.8333333333333 25.0166666666667 32.55 13.4333333333333 14.3666666666667 0 22.3 28.7 26.4833333333333 23.3666666666667 27.5666666666667 28.85 18.9833333333333 13.7333333333333 10.0333333333333 15.7166666666667 88.9666666666667 56.5666666666667 50.3833333333333 47.0166666666667 47.3666666666667 19.8833333333333 23.6333333333333 28.3666666666667 21.35 16 25.05 24.1 12.5666666666667 16.05 17.2666666666667 30.15 28.15 108.283333333333 20.0166666666667 13.4666666666667 28.9833333333333 34.1666666666667 12.35 94.4333333333333 15.9666666666667 13.0333333333333
20.8833333333333 15.9166666666667 22.3666666666667 10.8166666666667 10.45 22.3 0 51.1 37.3 39.7 49.9666666666667 29.2166666666667 41 33.6666666666667 32.4333333333333 28.7833333333333 77.55 37.7 31.5166666666667 54.7833333333333 55.1333333333333 42.2833333333333 34.45 50.7666666666667 43.75 18.2666666666667 31.2 34.1833333333333 20.6166666666667 7.56666666666667 12.7166666666667 11.2833333333333 6.93333333333333 130.683333333333 31.3333333333333 23.7166666666667 51.3833333333333 22.8 34.75 83.0166666666667 38.3666666666667 35.4333333333333
66.45 50.2833333333333 57.8166666666667 42.1333333333333 43.0666666666667 28.7 51.1 0 32.75 27.15 1.9 51.3333333333333 24.0666666666667 27.3166666666667 22.4833333333333 30.9166666666667 106.483333333333 85.25 79.0666666666667 62.75 63.1 19.7 34.6833333333333 18.85 19.8666666666667 36.2166666666667 42.5833333333333 40.8 37.7166666666667 44.7333333333333 45.1 58.6666666666667 56.8333333333333 91.0833333333333 30.0333333333333 30.7666666666667 13.35 56.4666666666667 22 111.95 18.2333333333333 17.3166666666667
54.7333333333333 41.15 48.6833333333333 26.6833333333333 27.6166666666667 26.4833333333333 37.3 32.75 0 5.6 32.8166666666667 27.0833333333333 12.1333333333333 14.2 23.8 16.0333333333333 81.3666666666667 71.6 65.4166666666667 68.5833333333333 68.9333333333333 13.2166666666667 7.16666666666667 20.9333333333333 12.8833333333333 36.1166666666667 46.6166666666667 45.6666666666667 20.0666666666667 29.8833333333333 27.45 45.1833333333333 43.1833333333333 102.3 38.85 35.0333333333333 23.2833333333333 33.0833333333333 24.3166666666667 86.8333333333333 17.1166666666667 23.5333333333333
57.1333333333333 43.55 51.0833333333333 29.0833333333333 30.0166666666667 23.3666666666667 39.7 27.15 5.6 0 27.2166666666667 29.4833333333333 7.28333333333333 15.6 20.6833333333333 18.4333333333333 83.7666666666667 74 67.8166666666667 70.0833333333333 70.4333333333333 7.61666666666667 9.56666666666667 15.3333333333333 7.28333333333333 38.5166666666667 48.4166666666667 47.4666666666667 22.4666666666667 32.2833333333333 29.85 47.5833333333333 45.5833333333333 96.7 36 36.7333333333333 17.6833333333333 35.4833333333333 23.1333333333333 89.2333333333333 11.5166666666667 18.0333333333333
65.3166666666667 49.15 56.6833333333333 41 41.9333333333333 27.5666666666667 49.9666666666667 1.9 32.8166666666667 27.2166666666667 0 50.2 24.2833333333333 26.1833333333333 21.35 29.7833333333333 106.116666666667 84.1166666666667 77.9333333333333 61.1833333333333 61.5333333333333 19.9166666666667 34.9 19.0666666666667 20.0833333333333 35.0833333333333 41.45 39.2333333333333 36.5833333333333 43.6 43.9666666666667 57.5333333333333 55.7 91.3 28.9 29.6333333333333 13.5666666666667 55.3333333333333 20.8666666666667 111.583333333333 18.45 16.1833333333333
48.0666666666667 36.1833333333333 43.7166666666667 21.1666666666667 22.8333333333333 28.85 29.2166666666667 51.3333333333333 27.0833333333333 29.4833333333333 50.2 0 30.5333333333333 26.15 31.1333333333333 23.7166666666667 62.8666666666667 64.9 58.3666666666667 68.0333333333333 68.3833333333333 34.3666666666667 21.0333333333333 40.2833333333333 34.0333333333333 34.35 46.0666666666667 45.1166666666667 17.8 24.5333333333333 19.5666666666667 38.4833333333333 34.1333333333333 116.7 41.0333333333333 34.4833333333333 44.4333333333333 10.35 31.65 68.3333333333333 34 34.0833333333333
58.4333333333333 44 51.5333333333333 30.3833333333333 31.3166666666667 18.9833333333333 41 24.0666666666667 12.1333333333333 7.28333333333333 24.2833333333333 30.5333333333333 0 11.2166666666667 16.3 16.5166666666667 85.0666666666667 75.3 69.1166666666667 65.7 66.05 4.36666666666667 10.8666666666667 13.3166666666667 5.26666666666667 34.9833333333333 44.0333333333333 43.0833333333333 23.7666666666667 33.5833333333333 31.15 48.8833333333333 46.8833333333333 94.2666666666667 31.6166666666667 32.35 14.9666666666667 36.7833333333333 18.75 90.5333333333333 8.26666666666667 13.65
51.1 37.5166666666667 45.05 23.05 23.9833333333333 13.7333333333333 33.6666666666667 27.3166666666667 14.2 15.6 26.1833333333333 26.15 11.2166666666667 0 11.1166666666667 10.5 80.5833333333333 67.7 61.5166666666667 60.7 61.05 12.6666666666667 12 21.6166666666667 13.5666666666667 29.6833333333333 38.7333333333333 37.7833333333333 16.1666666666667 25.9833333333333 23.55 41.2833333333333 39.2833333333333 102.216666666667 27.95 27.15 22.9166666666667 31.4 15.0833333333333 86.05 9.9 9.98333333333333
49.8666666666667 35.05 42.5833333333333 23.4666666666667 24.4 10.0333333333333 32.4333333333333 22.4833333333333 23.8 20.6833333333333 21.35 31.1333333333333 16.3 11.1166666666667 0 13.15 87.55 66.4833333333333 60.3 53.1 53.45 15.8 20.8666666666667 24.2833333333333 18.3833333333333 25.2 31.5666666666667 30.6166666666667 17.4333333333333 25.9666666666667 24.8166666666667 40.0666666666667 38.0666666666667 104.2 19.0166666666667 19.75 24.9 36.35 4.48333333333333 93.0166666666667 13.3 6.66666666666667
46.2166666666667 32.6333333333333 40.1666666666667 18.1666666666667 19.1 15.7166666666667 28.7833333333333 30.9166666666667 16.0333333333333 18.4333333333333 29.7833333333333 23.7166666666667 16.5166666666667 10.5 13.15 0 80 63.0333333333333 56.85 60.0166666666667 60.3666666666667 17.6 13.1333333333333 26.0833333333333 19.0666666666667 27.55 38.05 37.1 11.5 21.3166666666667 18.8833333333333 36.6166666666667 34.6166666666667 106 30.3333333333333 26.4666666666667 26.7 28.95 15.8 85.4666666666667 13.6833333333333 13.7666666666667
91.5833333333333 91.4333333333333 97.8833333333333 81.2833333333333 82.95 88.9666666666667 77.55 106.483333333333 81.3666666666667 83.7666666666667 106.116666666667 62.8666666666667 85.0666666666667 80.5833333333333 87.55 80 0 108.7 101.75 127.966666666667 128.316666666667 86.6833333333333 74.7833333333333 90.6166666666667 86.35 94.2833333333333 106 105.05 77.7333333333333 82.1166666666667 79.5 86.75 82.4 160.316666666667 100.966666666667 94.4166666666667 96.75 61.5666666666667 87.7166666666667 13.8 89.6166666666667 89.7
29.2 39.3333333333333 30.5 45.0833333333333 44.7166666666667 56.5666666666667 37.7 85.25 71.6 74 84.1166666666667 64.9 75.3 67.7 66.4833333333333 63.0333333333333 108.7 0 28.0333333333333 63.35 63.3 76.7333333333333 68.9 85.2166666666667 78.2 51.2333333333333 51.2 53.1333333333333 55.0666666666667 43.65 49.05 35.1333333333333 31.8 165.133333333333 64.3 56.6833333333333 85.8333333333333 58.6666666666667 69.2 114.066666666667 72.8166666666667 69.8833333333333
22.8 36.3333333333333 33.5333333333333 38.9 38.5333333333333 50.3833333333333 31.5166666666667 79.0666666666667 65.4166666666667 67.8166666666667 77.9333333333333 58.3666666666667 69.1166666666667 61.5166666666667 60.3 56.85 101.75 28.0333333333333 0 72.55 72.9 70.45 62.6166666666667 78.9333333333333 71.9166666666667 45.05 54.25 57.7 48.7833333333333 37.3666666666667 42.7666666666667 28.85 25.5166666666667 158.85 58.1166666666667 50.5 79.55 52.2 62.9166666666667 107.166666666667 66.5333333333333 63.6
49.7 40.45 39.0333333333333 50.9666666666667 50.6 47.0166666666667 54.7833333333333 62.75 68.5833333333333 70.0833333333333 61.1833333333333 68.0333333333333 65.7 60.7 53.1 60.0166666666667 127.966666666667 63.35 72.55 0 0.866666666666667 65.5833333333333 65.8 74.0666666666667 68.1666666666667 39.7166666666667 30.6666666666667 23.1166666666667 51.9666666666667 52.2333333333333 56.1166666666667 51.4166666666667 55.4666666666667 135.6 41.6 35.1666666666667 71.45 73.5666666666667 50.05 133.833333333333 63 52.4666666666667
50.05 40.8 39.3833333333333 51.3166666666667 50.95 47.3666666666667 55.1333333333333 63.1 68.9333333333333 70.4333333333333 61.5333333333333 68.3833333333333 66.05 61.05 53.45 60.3666666666667 128.316666666667 63.3 72.9 0.866666666666667 0 65.9333333333333 66.15 74.4166666666667 68.5166666666667 40.0666666666667 31.0166666666667 23.4666666666667 52.3166666666667 52.5833333333333 56.4666666666667 51.7666666666667 55.8166666666667 135.95 41.95 35.5166666666667 71.8 73.9166666666667 50.4 134.183333333333 63.35 52.8166666666667
59.7166666666667 44.9 52.4333333333333 31.7833333333333 32.7166666666667 19.8833333333333 42.2833333333333 19.7 13.2166666666667 7.61666666666667 19.9166666666667 34.3666666666667 4.36666666666667 12.6666666666667 15.8 17.6 86.6833333333333 76.7333333333333 70.45 65.5833333333333 65.9333333333333 0 15.15 9.1 3.01666666666667 35.8666666666667 43.4833333333333 42.5333333333333 25.0166666666667 34.8333333333333 32.4 50.0166666666667 48.0166666666667 89.9 30.9333333333333 31.6666666666667 10.6 41.15 18.0666666666667 92.4166666666667 3.9 12.9666666666667
51.8833333333333 38.3 45.8333333333333 23.8333333333333 24.7666666666667 23.6333333333333 34.45 34.6833333333333 7.16666666666667 9.56666666666667 34.9 21.0333333333333 10.8666666666667 12 20.8666666666667 13.1333333333333 74.7833333333333 68.9 62.6166666666667 65.8 66.15 15.15 0 21.6333333333333 14.8166666666667 33.0166666666667 43.5166666666667 42.5666666666667 16.9666666666667 26.7833333333333 24.35 42.0833333333333 40.0833333333333 103.833333333333 35.85 31.9333333333333 25.2166666666667 29.0666666666667 21.3166666666667 80.5166666666667 19.05 21.4666666666667
68.2 53.3833333333333 60.9166666666667 40.2666666666667 41.2 28.3666666666667 50.7666666666667 18.85 20.9333333333333 15.3333333333333 19.0666666666667 40.2833333333333 13.3166666666667 21.6166666666667 24.2833333333333 26.0833333333333 90.6166666666667 85.2166666666667 78.9333333333333 74.0666666666667 74.4166666666667 9.1 21.6333333333333 0 8.03333333333333 44.3833333333333 52 51.05 33.5333333333333 43.35 40.9166666666667 58.5333333333333 56.5333333333333 85.4166666666667 39.45 40.1833333333333 9.3 49.5833333333333 26.5833333333333 96.25 12.4166666666667 21.4833333333333
61.1833333333333 46.3666666666667 53.9 33.25 34.1833333333333 21.35 43.75 19.8666666666667 12.8833333333333 7.28333333333333 20.0833333333333 34.0333333333333 5.26666666666667 13.5666666666667 18.3833333333333 19.0666666666667 86.35 78.2 71.9166666666667 68.1666666666667 68.5166666666667 3.01666666666667 14.8166666666667 8.03333333333333 0 37.35 46.0666666666667 45.1166666666667 26.5 36.3166666666667 33.8833333333333 51.5 49.5 89.4166666666667 33.5166666666667 34.25 10.4 42.05 20.65 92.0833333333333 6.48333333333333 15.55
30.3 14.1333333333333 21.6666666666667 14.45 14.0833333333333 16 18.2666666666667 36.2166666666667 36.1166666666667 38.5166666666667 35.0833333333333 34.35 34.9833333333333 29.6833333333333 25.2 27.55 94.2833333333333 51.2333333333333 45.05 39.7166666666667 40.0666666666667 35.8666666666667 33.0166666666667 44.3833333333333 37.35 0 14.2166666666667 16.6 19.25 15.5666666666667 19.45 22.45 22.6166666666667 122.8 13.0666666666667 5.45 44.45 39.7 21.95 99.9666666666667 31.8 24.3666666666667
32.6833333333333 17.85 22.0166666666667 27.3833333333333 27.0166666666667 25.05 31.2 42.5833333333333 46.6166666666667 48.4166666666667 41.45 46.0666666666667 44.0333333333333 38.7333333333333 31.5666666666667 38.05 106 51.2 54.25 30.6666666666667 31.0166666666667 43.4833333333333 43.5166666666667 52 46.0666666666667 14.2166666666667 0 7.48333333333333 29.7666666666667 28.5 32.3833333333333 28.7333333333333 32.7833333333333 125.516666666667 19.4 12.9666666666667 50.7833333333333 51.3666666666667 28.2833333333333 111.633333333333 40.8 30.7
36.2333333333333 21.3 25.5666666666667 29.4666666666667 29.1 24.1 34.1833333333333 40.8 45.6666666666667 47.4666666666667 39.2333333333333 45.1166666666667 43.0833333333333 37.7833333333333 30.6166666666667 37.1 105.05 53.1333333333333 57.7 23.1166666666667 23.4666666666667 42.5333333333333 42.5666666666667 51.05 45.1166666666667 16.6 7.48333333333333 0 28.85 30.6 33.55 32.15 36.2 119.333333333333 18.4833333333333 12.05 49.3 50.45 27.3666666666667 110.716666666667 39.8833333333333 29.7833333333333
38.05 24.4666666666667 32 10 10.9333333333333 12.5666666666667 20.6166666666667 37.7166666666667 20.0666666666667 22.4666666666667 36.5833333333333 17.8 23.7666666666667 16.1666666666667 17.4333333333333 11.5 77.7333333333333 55.0666666666667 48.7833333333333 51.9666666666667 52.3166666666667 25.0166666666667 16.9666666666667 33.5333333333333 26.5 19.25 29.7666666666667 28.85 0 13.0333333333333 9.53333333333333 28.3333333333333 26.3333333333333 113.6 24.75 18.2 34.3 23.1 18.0166666666667 83.3666666666667 21.2833333333333 21.3666666666667
26.6333333333333 16.15 23.6833333333333 3.36666666666667 3 16.05 7.56666666666667 44.7333333333333 29.8833333333333 32.2833333333333 43.6 24.5333333333333 33.5833333333333 25.9833333333333 25.9666666666667 21.3166666666667 82.1166666666667 43.65 37.3666666666667 52.2333333333333 52.5833333333333 34.8333333333333 26.7833333333333 43.35 36.3166666666667 15.5666666666667 28.5 30.6 13.0333333333333 0 5.58333333333333 16.9333333333333 14.6666666666667 123.366666666667 27.9666666666667 21.0333333333333 44.0666666666667 27.3666666666667 27.7833333333333 87.6333333333333 31.05 29.2
32.0333333333333 20.8166666666667 28.35 5.86666666666667 7.53333333333333 17.2666666666667 12.7166666666667 45.1 27.45 29.85 43.9666666666667 19.5666666666667 31.15 23.55 24.8166666666667 18.8833333333333 79.5 49.05 42.7666666666667 56.1166666666667 56.4666666666667 32.4 24.35 40.9166666666667 33.8833333333333 19.45 32.3833333333333 33.55 9.53333333333333 5.58333333333333 0 22.4166666666667 19.8 121.183333333333 29.6666666666667 23.1166666666667 41.8833333333333 24.9 25.6 85.1666666666667 28.8666666666667 28.95
10.85 10.8166666666667 12.55 18.6666666666667 18.3 30.15 11.2833333333333 58.6666666666667 45.1833333333333 47.5833333333333 57.5333333333333 38.4833333333333 48.8833333333333 41.2833333333333 40.0666666666667 36.6166666666667 86.75 35.1333333333333 28.85 51.4166666666667 51.7666666666667 50.0166666666667 42.0833333333333 58.5333333333333 51.5 22.45 28.7333333333333 32.15 28.3333333333333 16.9333333333333 22.4166666666667 0 7.63333333333333 138.65 35.6166666666667 28 59.35 32.1833333333333 42.7166666666667 92.4 46.3333333333333 43.4
14.7833333333333 14.8666666666667 20.1666666666667 16.6666666666667 16.3 28.15 6.93333333333333 56.8333333333333 43.1833333333333 45.5833333333333 55.7 34.1333333333333 46.8833333333333 39.2833333333333 38.0666666666667 34.6166666666667 82.4 31.8 25.5166666666667 55.4666666666667 55.8166666666667 48.0166666666667 40.0833333333333 56.5333333333333 49.5 22.6166666666667 32.7833333333333 36.2 26.3333333333333 14.6666666666667 19.8 7.63333333333333 0 136.533333333333 35.8 28.1833333333333 57.2333333333333 27.6833333333333 40.6 87.9 44.2166666666667 41.2833333333333
148.116666666667 133.3 140.833333333333 120.183333333333 121.116666666667 108.283333333333 130.683333333333 91.0833333333333 102.3 96.7 91.3 116.7 94.2666666666667 102.216666666667 104.2 106 160.316666666667 165.133333333333 158.85 135.6 135.95 89.9 103.833333333333 85.4166666666667 89.4166666666667 122.8 125.516666666667 119.333333333333 113.6 123.366666666667 121.183333333333 138.65 136.533333333333 0 116.6 117.333333333333 79.8333333333333 126.766666666667 106.55 165.866666666667 92.3833333333333 101.45
43.3666666666667 27.2 34.7333333333333 25.7666666666667 26.4666666666667 20.0166666666667 31.3333333333333 30.0333333333333 38.85 36 28.9 41.0333333333333 31.6166666666667 27.95 19.0166666666667 30.3333333333333 100.966666666667 64.3 58.1166666666667 41.6 41.95 30.9333333333333 35.85 39.45 33.5166666666667 13.0666666666667 19.4 18.4833333333333 24.75 27.9666666666667 29.6666666666667 35.6166666666667 35.8 116.6 0 7.78333333333333 38.45 46.5 15.95 106.766666666667 28.9833333333333 18.3666666666667
35.75 19.5833333333333 27.1166666666667 19.2166666666667 19.5333333333333 13.4666666666667 23.7166666666667 30.7666666666667 35.0333333333333 36.7333333333333 29.6333333333333 34.4833333333333 32.35 27.15 19.75 26.4666666666667 94.4166666666667 56.6833333333333 50.5 35.1666666666667 35.5166666666667 31.6666666666667 31.9333333333333 40.1833333333333 34.25 5.45 12.9666666666667 12.05 18.2 21.0333333333333 23.1166666666667 28 28.1833333333333 117.333333333333 7.78333333333333 0 39 39.8333333333333 16.5 100.1 29.2666666666667 18.9166666666667
68.8166666666667 54 61.5333333333333 40.8833333333333 41.8166666666667 28.9833333333333 51.3833333333333 13.35 23.2833333333333 17.6833333333333 13.5666666666667 44.4333333333333 14.9666666666667 22.9166666666667 24.9 26.7 96.75 85.8333333333333 79.55 71.45 71.8 10.6 25.2166666666667 9.3 10.4 44.45 50.7833333333333 49.3 34.3 44.0666666666667 41.8833333333333 59.35 57.2333333333333 79.8333333333333 38.45 39 0 51.8666666666667 27.3333333333333 102.633333333333 13.1666666666667 22.2333333333333
41.65 36.6833333333333 43.1333333333333 26.4833333333333 28.15 34.1666666666667 22.8 56.4666666666667 33.0833333333333 35.4833333333333 55.3333333333333 10.35 36.7833333333333 31.4 36.35 28.95 61.5666666666667 58.6666666666667 52.2 73.5666666666667 73.9166666666667 41.15 29.0666666666667 49.5833333333333 42.05 39.7 51.3666666666667 50.45 23.1 27.3666666666667 24.9 32.1833333333333 27.6833333333333 126.766666666667 46.5 39.8333333333333 51.8666666666667 0 36.7833333333333 67.0333333333333 39.1333333333333 39.2166666666667
52.1833333333333 36.0833333333333 43.6166666666667 24.6 25.5333333333333 12.35 34.75 22 24.3166666666667 23.1333333333333 20.8666666666667 31.65 18.75 15.0833333333333 4.48333333333333 15.8 87.7166666666667 69.2 62.9166666666667 50.05 50.4 18.0666666666667 21.3166666666667 26.5833333333333 20.65 21.95 28.2833333333333 27.3666666666667 18.0166666666667 27.7833333333333 25.6 42.7166666666667 40.6 106.55 15.95 16.5 27.3333333333333 36.7833333333333 0 93.3833333333333 15.7 6.8
97.05 96.9 103.35 86.75 88.4166666666667 94.4333333333333 83.0166666666667 111.95 86.8333333333333 89.2333333333333 111.583333333333 68.3333333333333 90.5333333333333 86.05 93.0166666666667 85.4666666666667 13.8 114.066666666667 107.166666666667 133.833333333333 134.183333333333 92.4166666666667 80.5166666666667 96.25 92.0833333333333 99.9666666666667 111.633333333333 110.716666666667 83.3666666666667 87.6333333333333 85.1666666666667 92.4 87.9 165.866666666667 106.766666666667 100.1 102.633333333333 67.0333333333333 93.3833333333333 0 94.9666666666667 95.05
55.8 40.9833333333333 48.5166666666667 27.8666666666667 28.8 15.9666666666667 38.3666666666667 18.2333333333333 17.1166666666667 11.5166666666667 18.45 34 8.26666666666667 9.9 13.3 13.6833333333333 89.6166666666667 72.8166666666667 66.5333333333333 63 63.35 3.9 19.05 12.4166666666667 6.48333333333333 31.8 40.8 39.8833333333333 21.2833333333333 31.05 28.8666666666667 46.3333333333333 44.2166666666667 92.3833333333333 28.9833333333333 29.2666666666667 13.1666666666667 39.1333333333333 15.7 94.9666666666667 0 10.6333333333333
52.8666666666667 38.05 45.5833333333333 26.4666666666667 27.4 13.0333333333333 35.4333333333333 17.3166666666667 23.5333333333333 18.0333333333333 16.1833333333333 34.0833333333333 13.65 9.98333333333333 6.66666666666667 13.7666666666667 89.7 69.8833333333333 63.6 52.4666666666667 52.8166666666667 12.9666666666667 21.4666666666667 21.4833333333333 15.55 24.3666666666667 30.7 29.7833333333333 21.3666666666667 29.2 28.95 43.4 41.2833333333333 101.45 18.3666666666667 18.9166666666667 22.2333333333333 39.2166666666667 6.8 95.05 10.6333333333333 0
